(kicad_pcb (version 20171130) (host pcbnew "(5.0.0-3-g5ebb6b6)")

  (general
    (thickness 1.6)
    (drawings 8)
    (tracks 0)
    (zones 0)
    (modules 96)
    (nets 101)
  )

  (page User 799.998 799.998)
  (layers
    (0 F.Cu signal hide)
    (31 B.Cu signal hide)
    (32 B.Adhes user)
    (33 F.Adhes user)
    (34 B.Paste user)
    (35 F.Paste user)
    (36 B.SilkS user)
    (37 F.SilkS user)
    (38 B.Mask user)
    (39 F.Mask user)
    (40 Dwgs.User user)
    (41 Cmts.User user)
    (42 Eco1.User user)
    (43 Eco2.User user)
    (44 Edge.Cuts user)
    (45 Margin user)
    (46 B.CrtYd user)
    (47 F.CrtYd user)
    (48 B.Fab user)
    (49 F.Fab user)
  )

  (setup
    (last_trace_width 0.25)
    (trace_clearance 0.2)
    (zone_clearance 0.508)
    (zone_45_only no)
    (trace_min 0.2)
    (segment_width 0.2)
    (edge_width 0.2)
    (via_size 0.8)
    (via_drill 0.4)
    (via_min_size 0.4)
    (via_min_drill 0.3)
    (uvia_size 0.3)
    (uvia_drill 0.1)
    (uvias_allowed no)
    (uvia_min_size 0.2)
    (uvia_min_drill 0.1)
    (pcb_text_width 0.3)
    (pcb_text_size 1.5 1.5)
    (mod_edge_width 0.15)
    (mod_text_size 1 1)
    (mod_text_width 0.15)
    (pad_size 1.524 1.524)
    (pad_drill 0.762)
    (pad_to_mask_clearance 0.2)
    (aux_axis_origin 0 0)
    (visible_elements FFFFF77F)
    (pcbplotparams
      (layerselection 0x010fc_ffffffff)
      (usegerberextensions false)
      (usegerberattributes false)
      (usegerberadvancedattributes false)
      (creategerberjobfile false)
      (excludeedgelayer true)
      (linewidth 0.100000)
      (plotframeref false)
      (viasonmask false)
      (mode 1)
      (useauxorigin false)
      (hpglpennumber 1)
      (hpglpenspeed 20)
      (hpglpendiameter 15.000000)
      (psnegative false)
      (psa4output false)
      (plotreference true)
      (plotvalue true)
      (plotinvisibletext false)
      (padsonsilk false)
      (subtractmaskfromsilk false)
      (outputformat 1)
      (mirror false)
      (drillshape 1)
      (scaleselection 1)
      (outputdirectory ""))
  )

  (net 0 "")
  (net 1 GND)
  (net 2 "Net-(C1-Pad1)")
  (net 3 "Net-(C2-Pad1)")
  (net 4 VCC)
  (net 5 "Net-(C8-Pad1)")
  (net 6 "Net-(D_A1-Pad2)")
  (net 7 /Matrix/row1)
  (net 8 "Net-(D_B1-Pad2)")
  (net 9 /Matrix/row2)
  (net 10 "Net-(D_BSPAC1-Pad2)")
  (net 11 /Matrix/row0)
  (net 12 "Net-(D_C1-Pad2)")
  (net 13 "Net-(D_CBRAC1-Pad2)")
  (net 14 "Net-(D_COMMA1-Pad2)")
  (net 15 "Net-(D_D1-Pad2)")
  (net 16 "Net-(D_DOT1-Pad2)")
  (net 17 "Net-(D_E1-Pad2)")
  (net 18 "Net-(D_ENTER1-Pad2)")
  (net 19 "Net-(D_ESC1-Pad2)")
  (net 20 "Net-(D_F1-Pad2)")
  (net 21 "Net-(D_FN1-Pad2)")
  (net 22 "Net-(D_G1-Pad2)")
  (net 23 "Net-(D_H1-Pad2)")
  (net 24 "Net-(D_I1-Pad2)")
  (net 25 "Net-(D_J1-Pad2)")
  (net 26 "Net-(D_K1-Pad2)")
  (net 27 "Net-(D_L1-Pad2)")
  (net 28 "Net-(D_LALT1-Pad2)")
  (net 29 "Net-(D_LCTRL1-Pad2)")
  (net 30 "Net-(D_LSHFT1-Pad2)")
  (net 31 "Net-(D_M1-Pad2)")
  (net 32 "Net-(D_N1-Pad2)")
  (net 33 "Net-(D_O1-Pad2)")
  (net 34 "Net-(D_OBRAC1-Pad2)")
  (net 35 "Net-(D_P1-Pad2)")
  (net 36 "Net-(D_Q1-Pad2)")
  (net 37 "Net-(D_R1-Pad2)")
  (net 38 "Net-(D_S1-Pad2)")
  (net 39 "Net-(D_SCOLN1-Pad2)")
  (net 40 "Net-(D_SPACE1-Pad2)")
  (net 41 "Net-(D_SQUOT1-Pad2)")
  (net 42 "Net-(D_T1-Pad2)")
  (net 43 "Net-(D_U1-Pad2)")
  (net 44 "Net-(D_V1-Pad2)")
  (net 45 "Net-(D_W1-Pad2)")
  (net 46 "Net-(D_X1-Pad2)")
  (net 47 "Net-(D_Y1-Pad2)")
  (net 48 "Net-(D_Z1-Pad2)")
  (net 49 "Net-(J1-Pad2)")
  (net 50 "Net-(J1-Pad3)")
  (net 51 "Net-(J1-Pad4)")
  (net 52 /Matrix/col1)
  (net 53 /Matrix/col7)
  (net 54 /Matrix/col13)
  (net 55 /Matrix/col4)
  (net 56 /Matrix/col12)
  (net 57 /Matrix/col10)
  (net 58 /Matrix/col3)
  (net 59 /Matrix/col11)
  (net 60 /Matrix/col0)
  (net 61 /Matrix/col5)
  (net 62 /Matrix/col6)
  (net 63 /Matrix/col8)
  (net 64 /Matrix/col9)
  (net 65 /Matrix/col2)
  (net 66 "Net-(R1-Pad1)")
  (net 67 "Net-(R2-Pad2)")
  (net 68 "Net-(R3-Pad1)")
  (net 69 "Net-(R4-Pad1)")
  (net 70 "Net-(U1-Pad1)")
  (net 71 "Net-(U1-Pad7)")
  (net 72 /col5)
  (net 73 /col6)
  (net 74 /col7)
  (net 75 /col8)
  (net 76 "Net-(U1-Pad12)")
  (net 77 /row0)
  (net 78 /row1)
  (net 79 /row2)
  (net 80 "Net-(U1-Pad21)")
  (net 81 "Net-(U1-Pad22)")
  (net 82 "Net-(U1-Pad25)")
  (net 83 "Net-(U1-Pad26)")
  (net 84 "Net-(U1-Pad27)")
  (net 85 /col9)
  (net 86 /col10)
  (net 87 /col11)
  (net 88 /col12)
  (net 89 /col13)
  (net 90 "Net-(U1-Pad34)")
  (net 91 "Net-(U1-Pad35)")
  (net 92 "Net-(U1-Pad36)")
  (net 93 /col4)
  (net 94 /col3)
  (net 95 /col2)
  (net 96 /col1)
  (net 97 /col0)
  (net 98 "Net-(U1-Pad42)")
  (net 99 "Net-(U1-Pad43)")
  (net 100 "Net-(U1-Pad44)")

  (net_class Default "This is the default net class."
    (clearance 0.2)
    (trace_width 0.25)
    (via_dia 0.8)
    (via_drill 0.4)
    (uvia_dia 0.3)
    (uvia_drill 0.1)
    (add_net /Matrix/col0)
    (add_net /Matrix/col1)
    (add_net /Matrix/col10)
    (add_net /Matrix/col11)
    (add_net /Matrix/col12)
    (add_net /Matrix/col13)
    (add_net /Matrix/col2)
    (add_net /Matrix/col3)
    (add_net /Matrix/col4)
    (add_net /Matrix/col5)
    (add_net /Matrix/col6)
    (add_net /Matrix/col7)
    (add_net /Matrix/col8)
    (add_net /Matrix/col9)
    (add_net /Matrix/row0)
    (add_net /Matrix/row1)
    (add_net /Matrix/row2)
    (add_net /col0)
    (add_net /col1)
    (add_net /col10)
    (add_net /col11)
    (add_net /col12)
    (add_net /col13)
    (add_net /col2)
    (add_net /col3)
    (add_net /col4)
    (add_net /col5)
    (add_net /col6)
    (add_net /col7)
    (add_net /col8)
    (add_net /col9)
    (add_net /row0)
    (add_net /row1)
    (add_net /row2)
    (add_net GND)
    (add_net "Net-(C1-Pad1)")
    (add_net "Net-(C2-Pad1)")
    (add_net "Net-(C8-Pad1)")
    (add_net "Net-(D_A1-Pad2)")
    (add_net "Net-(D_B1-Pad2)")
    (add_net "Net-(D_BSPAC1-Pad2)")
    (add_net "Net-(D_C1-Pad2)")
    (add_net "Net-(D_CBRAC1-Pad2)")
    (add_net "Net-(D_COMMA1-Pad2)")
    (add_net "Net-(D_D1-Pad2)")
    (add_net "Net-(D_DOT1-Pad2)")
    (add_net "Net-(D_E1-Pad2)")
    (add_net "Net-(D_ENTER1-Pad2)")
    (add_net "Net-(D_ESC1-Pad2)")
    (add_net "Net-(D_F1-Pad2)")
    (add_net "Net-(D_FN1-Pad2)")
    (add_net "Net-(D_G1-Pad2)")
    (add_net "Net-(D_H1-Pad2)")
    (add_net "Net-(D_I1-Pad2)")
    (add_net "Net-(D_J1-Pad2)")
    (add_net "Net-(D_K1-Pad2)")
    (add_net "Net-(D_L1-Pad2)")
    (add_net "Net-(D_LALT1-Pad2)")
    (add_net "Net-(D_LCTRL1-Pad2)")
    (add_net "Net-(D_LSHFT1-Pad2)")
    (add_net "Net-(D_M1-Pad2)")
    (add_net "Net-(D_N1-Pad2)")
    (add_net "Net-(D_O1-Pad2)")
    (add_net "Net-(D_OBRAC1-Pad2)")
    (add_net "Net-(D_P1-Pad2)")
    (add_net "Net-(D_Q1-Pad2)")
    (add_net "Net-(D_R1-Pad2)")
    (add_net "Net-(D_S1-Pad2)")
    (add_net "Net-(D_SCOLN1-Pad2)")
    (add_net "Net-(D_SPACE1-Pad2)")
    (add_net "Net-(D_SQUOT1-Pad2)")
    (add_net "Net-(D_T1-Pad2)")
    (add_net "Net-(D_U1-Pad2)")
    (add_net "Net-(D_V1-Pad2)")
    (add_net "Net-(D_W1-Pad2)")
    (add_net "Net-(D_X1-Pad2)")
    (add_net "Net-(D_Y1-Pad2)")
    (add_net "Net-(D_Z1-Pad2)")
    (add_net "Net-(J1-Pad2)")
    (add_net "Net-(J1-Pad3)")
    (add_net "Net-(J1-Pad4)")
    (add_net "Net-(R1-Pad1)")
    (add_net "Net-(R2-Pad2)")
    (add_net "Net-(R3-Pad1)")
    (add_net "Net-(R4-Pad1)")
    (add_net "Net-(U1-Pad1)")
    (add_net "Net-(U1-Pad12)")
    (add_net "Net-(U1-Pad21)")
    (add_net "Net-(U1-Pad22)")
    (add_net "Net-(U1-Pad25)")
    (add_net "Net-(U1-Pad26)")
    (add_net "Net-(U1-Pad27)")
    (add_net "Net-(U1-Pad34)")
    (add_net "Net-(U1-Pad35)")
    (add_net "Net-(U1-Pad36)")
    (add_net "Net-(U1-Pad42)")
    (add_net "Net-(U1-Pad43)")
    (add_net "Net-(U1-Pad44)")
    (add_net "Net-(U1-Pad7)")
    (add_net VCC)
  )

  (module MX_Alps_Hybrid:MX-1.5U-NoLED (layer F.Cu) (tedit 5A9F5217) (tstamp 5C9A29D2)
    (at 295.275 38.1)
    (path /5C8309B3/5C8317A6)
    (fp_text reference K_BSPAC1 (at 0 3.175) (layer Dwgs.User)
      (effects (font (size 1 1) (thickness 0.15)))
    )
    (fp_text value KEYSW (at 0 -7.9375) (layer Dwgs.User)
      (effects (font (size 1 1) (thickness 0.15)))
    )
    (fp_line (start -14.2875 9.525) (end -14.2875 -9.525) (layer Dwgs.User) (width 0.15))
    (fp_line (start 14.2875 9.525) (end -14.2875 9.525) (layer Dwgs.User) (width 0.15))
    (fp_line (start 14.2875 -9.525) (end 14.2875 9.525) (layer Dwgs.User) (width 0.15))
    (fp_line (start -14.2875 -9.525) (end 14.2875 -9.525) (layer Dwgs.User) (width 0.15))
    (fp_line (start -7 -7) (end -7 -5) (layer Dwgs.User) (width 0.15))
    (fp_line (start -5 -7) (end -7 -7) (layer Dwgs.User) (width 0.15))
    (fp_line (start -7 7) (end -5 7) (layer Dwgs.User) (width 0.15))
    (fp_line (start -7 5) (end -7 7) (layer Dwgs.User) (width 0.15))
    (fp_line (start 7 7) (end 7 5) (layer Dwgs.User) (width 0.15))
    (fp_line (start 5 7) (end 7 7) (layer Dwgs.User) (width 0.15))
    (fp_line (start 7 -7) (end 7 -5) (layer Dwgs.User) (width 0.15))
    (fp_line (start 5 -7) (end 7 -7) (layer Dwgs.User) (width 0.15))
    (pad "" np_thru_hole circle (at 5.08 0 48.0996) (size 1.75 1.75) (drill 1.75) (layers *.Cu *.Mask))
    (pad "" np_thru_hole circle (at -5.08 0 48.0996) (size 1.75 1.75) (drill 1.75) (layers *.Cu *.Mask))
    (pad 1 thru_hole circle (at -2.5 -4) (size 2.25 2.25) (drill 1.47) (layers *.Cu B.Mask)
      (net 54 /Matrix/col13))
    (pad "" np_thru_hole circle (at 0 0) (size 3.9878 3.9878) (drill 3.9878) (layers *.Cu *.Mask))
    (pad 1 thru_hole oval (at -3.81 -2.54 48.0996) (size 4.211556 2.25) (drill 1.47 (offset 0.980778 0)) (layers *.Cu B.Mask)
      (net 54 /Matrix/col13))
    (pad 2 thru_hole circle (at 2.54 -5.08) (size 2.25 2.25) (drill 1.47) (layers *.Cu B.Mask)
      (net 10 "Net-(D_BSPAC1-Pad2)"))
    (pad 2 thru_hole oval (at 2.5 -4.5 86.0548) (size 2.831378 2.25) (drill 1.47 (offset 0.290689 0)) (layers *.Cu B.Mask)
      (net 10 "Net-(D_BSPAC1-Pad2)"))
  )

  (module Capacitor_SMD:C_0805_2012Metric_Pad1.15x1.40mm_HandSolder (layer B.Cu) (tedit 5B36C52B) (tstamp 5C9A2605)
    (at 288.4 80.25 90)
    (descr "Capacitor SMD 0805 (2012 Metric), square (rectangular) end terminal, IPC_7351 nominal with elongated pad for handsoldering. (Body size source: https://docs.google.com/spreadsheets/d/1BsfQQcO9C6DZCsRaXUlFlo91Tg2WpOkGARC1WS5S8t0/edit?usp=sharing), generated with kicad-footprint-generator")
    (tags "capacitor handsolder")
    (path /5C81716D)
    (attr smd)
    (fp_text reference C1 (at 0 1.65 90) (layer B.SilkS)
      (effects (font (size 1 1) (thickness 0.15)) (justify mirror))
    )
    (fp_text value 22pF (at 0 -1.65 90) (layer B.Fab)
      (effects (font (size 1 1) (thickness 0.15)) (justify mirror))
    )
    (fp_text user %R (at 0.62625 4.82125 90) (layer B.Fab)
      (effects (font (size 0.5 0.5) (thickness 0.08)) (justify mirror))
    )
    (fp_line (start 1.85 -0.95) (end -1.85 -0.95) (layer B.CrtYd) (width 0.05))
    (fp_line (start 1.85 0.95) (end 1.85 -0.95) (layer B.CrtYd) (width 0.05))
    (fp_line (start -1.85 0.95) (end 1.85 0.95) (layer B.CrtYd) (width 0.05))
    (fp_line (start -1.85 -0.95) (end -1.85 0.95) (layer B.CrtYd) (width 0.05))
    (fp_line (start -0.261252 -0.71) (end 0.261252 -0.71) (layer B.SilkS) (width 0.12))
    (fp_line (start -0.261252 0.71) (end 0.261252 0.71) (layer B.SilkS) (width 0.12))
    (fp_line (start 1 -0.6) (end -1 -0.6) (layer B.Fab) (width 0.1))
    (fp_line (start 1 0.6) (end 1 -0.6) (layer B.Fab) (width 0.1))
    (fp_line (start -1 0.6) (end 1 0.6) (layer B.Fab) (width 0.1))
    (fp_line (start -1 -0.6) (end -1 0.6) (layer B.Fab) (width 0.1))
    (pad 2 smd roundrect (at 1.025 0 90) (size 1.15 1.4) (layers B.Cu B.Paste B.Mask) (roundrect_rratio 0.217391)
      (net 1 GND))
    (pad 1 smd roundrect (at -1.025 0 90) (size 1.15 1.4) (layers B.Cu B.Paste B.Mask) (roundrect_rratio 0.217391)
      (net 2 "Net-(C1-Pad1)"))
    (model ${KISYS3DMOD}/Capacitor_SMD.3dshapes/C_0805_2012Metric.wrl
      (at (xyz 0 0 0))
      (scale (xyz 1 1 1))
      (rotate (xyz 0 0 0))
    )
  )

  (module Capacitor_SMD:C_0805_2012Metric_Pad1.15x1.40mm_HandSolder (layer B.Cu) (tedit 5B36C52B) (tstamp 5C9A2616)
    (at 271.75 80 270)
    (descr "Capacitor SMD 0805 (2012 Metric), square (rectangular) end terminal, IPC_7351 nominal with elongated pad for handsoldering. (Body size source: https://docs.google.com/spreadsheets/d/1BsfQQcO9C6DZCsRaXUlFlo91Tg2WpOkGARC1WS5S8t0/edit?usp=sharing), generated with kicad-footprint-generator")
    (tags "capacitor handsolder")
    (path /5C8171F3)
    (attr smd)
    (fp_text reference C2 (at 0 1.65 270) (layer B.SilkS)
      (effects (font (size 1 1) (thickness 0.15)) (justify mirror))
    )
    (fp_text value 22pF (at 0 -1.65 270) (layer B.Fab)
      (effects (font (size 1 1) (thickness 0.15)) (justify mirror))
    )
    (fp_line (start -1 -0.6) (end -1 0.6) (layer B.Fab) (width 0.1))
    (fp_line (start -1 0.6) (end 1 0.6) (layer B.Fab) (width 0.1))
    (fp_line (start 1 0.6) (end 1 -0.6) (layer B.Fab) (width 0.1))
    (fp_line (start 1 -0.6) (end -1 -0.6) (layer B.Fab) (width 0.1))
    (fp_line (start -0.261252 0.71) (end 0.261252 0.71) (layer B.SilkS) (width 0.12))
    (fp_line (start -0.261252 -0.71) (end 0.261252 -0.71) (layer B.SilkS) (width 0.12))
    (fp_line (start -1.85 -0.95) (end -1.85 0.95) (layer B.CrtYd) (width 0.05))
    (fp_line (start -1.85 0.95) (end 1.85 0.95) (layer B.CrtYd) (width 0.05))
    (fp_line (start 1.85 0.95) (end 1.85 -0.95) (layer B.CrtYd) (width 0.05))
    (fp_line (start 1.85 -0.95) (end -1.85 -0.95) (layer B.CrtYd) (width 0.05))
    (fp_text user %R (at 0 0 270) (layer B.Fab)
      (effects (font (size 0.5 0.5) (thickness 0.08)) (justify mirror))
    )
    (pad 1 smd roundrect (at -1.025 0 270) (size 1.15 1.4) (layers B.Cu B.Paste B.Mask) (roundrect_rratio 0.217391)
      (net 3 "Net-(C2-Pad1)"))
    (pad 2 smd roundrect (at 1.025 0 270) (size 1.15 1.4) (layers B.Cu B.Paste B.Mask) (roundrect_rratio 0.217391)
      (net 1 GND))
    (model ${KISYS3DMOD}/Capacitor_SMD.3dshapes/C_0805_2012Metric.wrl
      (at (xyz 0 0 0))
      (scale (xyz 1 1 1))
      (rotate (xyz 0 0 0))
    )
  )

  (module Capacitor_SMD:C_0805_2012Metric_Pad1.15x1.40mm_HandSolder (layer B.Cu) (tedit 5B36C52B) (tstamp 5C9A2627)
    (at 269.5 80 270)
    (descr "Capacitor SMD 0805 (2012 Metric), square (rectangular) end terminal, IPC_7351 nominal with elongated pad for handsoldering. (Body size source: https://docs.google.com/spreadsheets/d/1BsfQQcO9C6DZCsRaXUlFlo91Tg2WpOkGARC1WS5S8t0/edit?usp=sharing), generated with kicad-footprint-generator")
    (tags "capacitor handsolder")
    (path /5C817902)
    (attr smd)
    (fp_text reference C3 (at 0 1.65 270) (layer B.SilkS)
      (effects (font (size 1 1) (thickness 0.15)) (justify mirror))
    )
    (fp_text value 0.1u (at 0 -1.65 270) (layer B.Fab)
      (effects (font (size 1 1) (thickness 0.15)) (justify mirror))
    )
    (fp_text user %R (at 0 0 270) (layer B.Fab)
      (effects (font (size 0.5 0.5) (thickness 0.08)) (justify mirror))
    )
    (fp_line (start 1.85 -0.95) (end -1.85 -0.95) (layer B.CrtYd) (width 0.05))
    (fp_line (start 1.85 0.95) (end 1.85 -0.95) (layer B.CrtYd) (width 0.05))
    (fp_line (start -1.85 0.95) (end 1.85 0.95) (layer B.CrtYd) (width 0.05))
    (fp_line (start -1.85 -0.95) (end -1.85 0.95) (layer B.CrtYd) (width 0.05))
    (fp_line (start -0.261252 -0.71) (end 0.261252 -0.71) (layer B.SilkS) (width 0.12))
    (fp_line (start -0.261252 0.71) (end 0.261252 0.71) (layer B.SilkS) (width 0.12))
    (fp_line (start 1 -0.6) (end -1 -0.6) (layer B.Fab) (width 0.1))
    (fp_line (start 1 0.6) (end 1 -0.6) (layer B.Fab) (width 0.1))
    (fp_line (start -1 0.6) (end 1 0.6) (layer B.Fab) (width 0.1))
    (fp_line (start -1 -0.6) (end -1 0.6) (layer B.Fab) (width 0.1))
    (pad 2 smd roundrect (at 1.025 0 270) (size 1.15 1.4) (layers B.Cu B.Paste B.Mask) (roundrect_rratio 0.217391)
      (net 1 GND))
    (pad 1 smd roundrect (at -1.025 0 270) (size 1.15 1.4) (layers B.Cu B.Paste B.Mask) (roundrect_rratio 0.217391)
      (net 4 VCC))
    (model ${KISYS3DMOD}/Capacitor_SMD.3dshapes/C_0805_2012Metric.wrl
      (at (xyz 0 0 0))
      (scale (xyz 1 1 1))
      (rotate (xyz 0 0 0))
    )
  )

  (module Capacitor_SMD:C_0805_2012Metric_Pad1.15x1.40mm_HandSolder (layer B.Cu) (tedit 5B36C52B) (tstamp 5C9A2638)
    (at 273.6 83.4 180)
    (descr "Capacitor SMD 0805 (2012 Metric), square (rectangular) end terminal, IPC_7351 nominal with elongated pad for handsoldering. (Body size source: https://docs.google.com/spreadsheets/d/1BsfQQcO9C6DZCsRaXUlFlo91Tg2WpOkGARC1WS5S8t0/edit?usp=sharing), generated with kicad-footprint-generator")
    (tags "capacitor handsolder")
    (path /5C81794C)
    (attr smd)
    (fp_text reference C4 (at 0 1.65 180) (layer B.SilkS)
      (effects (font (size 1 1) (thickness 0.15)) (justify mirror))
    )
    (fp_text value 0.1u (at 0 -1.65 180) (layer B.Fab)
      (effects (font (size 1 1) (thickness 0.15)) (justify mirror))
    )
    (fp_line (start -1 -0.6) (end -1 0.6) (layer B.Fab) (width 0.1))
    (fp_line (start -1 0.6) (end 1 0.6) (layer B.Fab) (width 0.1))
    (fp_line (start 1 0.6) (end 1 -0.6) (layer B.Fab) (width 0.1))
    (fp_line (start 1 -0.6) (end -1 -0.6) (layer B.Fab) (width 0.1))
    (fp_line (start -0.261252 0.71) (end 0.261252 0.71) (layer B.SilkS) (width 0.12))
    (fp_line (start -0.261252 -0.71) (end 0.261252 -0.71) (layer B.SilkS) (width 0.12))
    (fp_line (start -1.85 -0.95) (end -1.85 0.95) (layer B.CrtYd) (width 0.05))
    (fp_line (start -1.85 0.95) (end 1.85 0.95) (layer B.CrtYd) (width 0.05))
    (fp_line (start 1.85 0.95) (end 1.85 -0.95) (layer B.CrtYd) (width 0.05))
    (fp_line (start 1.85 -0.95) (end -1.85 -0.95) (layer B.CrtYd) (width 0.05))
    (fp_text user %R (at 0 0 180) (layer B.Fab)
      (effects (font (size 0.5 0.5) (thickness 0.08)) (justify mirror))
    )
    (pad 1 smd roundrect (at -1.025 0 180) (size 1.15 1.4) (layers B.Cu B.Paste B.Mask) (roundrect_rratio 0.217391)
      (net 4 VCC))
    (pad 2 smd roundrect (at 1.025 0 180) (size 1.15 1.4) (layers B.Cu B.Paste B.Mask) (roundrect_rratio 0.217391)
      (net 1 GND))
    (model ${KISYS3DMOD}/Capacitor_SMD.3dshapes/C_0805_2012Metric.wrl
      (at (xyz 0 0 0))
      (scale (xyz 1 1 1))
      (rotate (xyz 0 0 0))
    )
  )

  (module Capacitor_SMD:C_0805_2012Metric_Pad1.15x1.40mm_HandSolder (layer B.Cu) (tedit 5B36C52B) (tstamp 5C9A2649)
    (at 263.5 80 270)
    (descr "Capacitor SMD 0805 (2012 Metric), square (rectangular) end terminal, IPC_7351 nominal with elongated pad for handsoldering. (Body size source: https://docs.google.com/spreadsheets/d/1BsfQQcO9C6DZCsRaXUlFlo91Tg2WpOkGARC1WS5S8t0/edit?usp=sharing), generated with kicad-footprint-generator")
    (tags "capacitor handsolder")
    (path /5C817A27)
    (attr smd)
    (fp_text reference C5 (at 0 1.65 270) (layer B.SilkS)
      (effects (font (size 1 1) (thickness 0.15)) (justify mirror))
    )
    (fp_text value 0.1u (at 0 -1.65 270) (layer B.Fab)
      (effects (font (size 1 1) (thickness 0.15)) (justify mirror))
    )
    (fp_text user %R (at 0 0 270) (layer B.Fab)
      (effects (font (size 0.5 0.5) (thickness 0.08)) (justify mirror))
    )
    (fp_line (start 1.85 -0.95) (end -1.85 -0.95) (layer B.CrtYd) (width 0.05))
    (fp_line (start 1.85 0.95) (end 1.85 -0.95) (layer B.CrtYd) (width 0.05))
    (fp_line (start -1.85 0.95) (end 1.85 0.95) (layer B.CrtYd) (width 0.05))
    (fp_line (start -1.85 -0.95) (end -1.85 0.95) (layer B.CrtYd) (width 0.05))
    (fp_line (start -0.261252 -0.71) (end 0.261252 -0.71) (layer B.SilkS) (width 0.12))
    (fp_line (start -0.261252 0.71) (end 0.261252 0.71) (layer B.SilkS) (width 0.12))
    (fp_line (start 1 -0.6) (end -1 -0.6) (layer B.Fab) (width 0.1))
    (fp_line (start 1 0.6) (end 1 -0.6) (layer B.Fab) (width 0.1))
    (fp_line (start -1 0.6) (end 1 0.6) (layer B.Fab) (width 0.1))
    (fp_line (start -1 -0.6) (end -1 0.6) (layer B.Fab) (width 0.1))
    (pad 2 smd roundrect (at 1.025 0 270) (size 1.15 1.4) (layers B.Cu B.Paste B.Mask) (roundrect_rratio 0.217391)
      (net 1 GND))
    (pad 1 smd roundrect (at -1.025 0 270) (size 1.15 1.4) (layers B.Cu B.Paste B.Mask) (roundrect_rratio 0.217391)
      (net 4 VCC))
    (model ${KISYS3DMOD}/Capacitor_SMD.3dshapes/C_0805_2012Metric.wrl
      (at (xyz 0 0 0))
      (scale (xyz 1 1 1))
      (rotate (xyz 0 0 0))
    )
  )

  (module Capacitor_SMD:C_0805_2012Metric_Pad1.15x1.40mm_HandSolder (layer B.Cu) (tedit 5B36C52B) (tstamp 5C9A265A)
    (at 281.82 63.47)
    (descr "Capacitor SMD 0805 (2012 Metric), square (rectangular) end terminal, IPC_7351 nominal with elongated pad for handsoldering. (Body size source: https://docs.google.com/spreadsheets/d/1BsfQQcO9C6DZCsRaXUlFlo91Tg2WpOkGARC1WS5S8t0/edit?usp=sharing), generated with kicad-footprint-generator")
    (tags "capacitor handsolder")
    (path /5C817A56)
    (attr smd)
    (fp_text reference C6 (at 0 1.65) (layer B.SilkS)
      (effects (font (size 1 1) (thickness 0.15)) (justify mirror))
    )
    (fp_text value 0.1u (at 0 -1.65) (layer B.Fab)
      (effects (font (size 1 1) (thickness 0.15)) (justify mirror))
    )
    (fp_line (start -1 -0.6) (end -1 0.6) (layer B.Fab) (width 0.1))
    (fp_line (start -1 0.6) (end 1 0.6) (layer B.Fab) (width 0.1))
    (fp_line (start 1 0.6) (end 1 -0.6) (layer B.Fab) (width 0.1))
    (fp_line (start 1 -0.6) (end -1 -0.6) (layer B.Fab) (width 0.1))
    (fp_line (start -0.261252 0.71) (end 0.261252 0.71) (layer B.SilkS) (width 0.12))
    (fp_line (start -0.261252 -0.71) (end 0.261252 -0.71) (layer B.SilkS) (width 0.12))
    (fp_line (start -1.85 -0.95) (end -1.85 0.95) (layer B.CrtYd) (width 0.05))
    (fp_line (start -1.85 0.95) (end 1.85 0.95) (layer B.CrtYd) (width 0.05))
    (fp_line (start 1.85 0.95) (end 1.85 -0.95) (layer B.CrtYd) (width 0.05))
    (fp_line (start 1.85 -0.95) (end -1.85 -0.95) (layer B.CrtYd) (width 0.05))
    (fp_text user %R (at 8.84875 -3.54875) (layer B.Fab)
      (effects (font (size 0.5 0.5) (thickness 0.08)) (justify mirror))
    )
    (pad 1 smd roundrect (at -1.025 0) (size 1.15 1.4) (layers B.Cu B.Paste B.Mask) (roundrect_rratio 0.217391)
      (net 4 VCC))
    (pad 2 smd roundrect (at 1.025 0) (size 1.15 1.4) (layers B.Cu B.Paste B.Mask) (roundrect_rratio 0.217391)
      (net 1 GND))
    (model ${KISYS3DMOD}/Capacitor_SMD.3dshapes/C_0805_2012Metric.wrl
      (at (xyz 0 0 0))
      (scale (xyz 1 1 1))
      (rotate (xyz 0 0 0))
    )
  )

  (module Capacitor_SMD:C_0805_2012Metric_Pad1.15x1.40mm_HandSolder (layer B.Cu) (tedit 5B36C52B) (tstamp 5C9A266B)
    (at 271.475 63.24)
    (descr "Capacitor SMD 0805 (2012 Metric), square (rectangular) end terminal, IPC_7351 nominal with elongated pad for handsoldering. (Body size source: https://docs.google.com/spreadsheets/d/1BsfQQcO9C6DZCsRaXUlFlo91Tg2WpOkGARC1WS5S8t0/edit?usp=sharing), generated with kicad-footprint-generator")
    (tags "capacitor handsolder")
    (path /5C817A7B)
    (attr smd)
    (fp_text reference C7 (at 0 1.65) (layer B.SilkS)
      (effects (font (size 1 1) (thickness 0.15)) (justify mirror))
    )
    (fp_text value 4.7u (at 0 -1.65) (layer B.Fab)
      (effects (font (size 1 1) (thickness 0.15)) (justify mirror))
    )
    (fp_line (start -1 -0.6) (end -1 0.6) (layer B.Fab) (width 0.1))
    (fp_line (start -1 0.6) (end 1 0.6) (layer B.Fab) (width 0.1))
    (fp_line (start 1 0.6) (end 1 -0.6) (layer B.Fab) (width 0.1))
    (fp_line (start 1 -0.6) (end -1 -0.6) (layer B.Fab) (width 0.1))
    (fp_line (start -0.261252 0.71) (end 0.261252 0.71) (layer B.SilkS) (width 0.12))
    (fp_line (start -0.261252 -0.71) (end 0.261252 -0.71) (layer B.SilkS) (width 0.12))
    (fp_line (start -1.85 -0.95) (end -1.85 0.95) (layer B.CrtYd) (width 0.05))
    (fp_line (start -1.85 0.95) (end 1.85 0.95) (layer B.CrtYd) (width 0.05))
    (fp_line (start 1.85 0.95) (end 1.85 -0.95) (layer B.CrtYd) (width 0.05))
    (fp_line (start 1.85 -0.95) (end -1.85 -0.95) (layer B.CrtYd) (width 0.05))
    (fp_text user %R (at 0 0) (layer B.Fab)
      (effects (font (size 0.5 0.5) (thickness 0.08)) (justify mirror))
    )
    (pad 1 smd roundrect (at -1.025 0) (size 1.15 1.4) (layers B.Cu B.Paste B.Mask) (roundrect_rratio 0.217391)
      (net 4 VCC))
    (pad 2 smd roundrect (at 1.025 0) (size 1.15 1.4) (layers B.Cu B.Paste B.Mask) (roundrect_rratio 0.217391)
      (net 1 GND))
    (model ${KISYS3DMOD}/Capacitor_SMD.3dshapes/C_0805_2012Metric.wrl
      (at (xyz 0 0 0))
      (scale (xyz 1 1 1))
      (rotate (xyz 0 0 0))
    )
  )

  (module Capacitor_SMD:C_0805_2012Metric_Pad1.15x1.40mm_HandSolder (layer B.Cu) (tedit 5B36C52B) (tstamp 5C9A267C)
    (at 261.25 80 270)
    (descr "Capacitor SMD 0805 (2012 Metric), square (rectangular) end terminal, IPC_7351 nominal with elongated pad for handsoldering. (Body size source: https://docs.google.com/spreadsheets/d/1BsfQQcO9C6DZCsRaXUlFlo91Tg2WpOkGARC1WS5S8t0/edit?usp=sharing), generated with kicad-footprint-generator")
    (tags "capacitor handsolder")
    (path /5C8256D2)
    (attr smd)
    (fp_text reference C8 (at 0 1.65 270) (layer B.SilkS)
      (effects (font (size 1 1) (thickness 0.15)) (justify mirror))
    )
    (fp_text value 1u (at 0 -1.65 270) (layer B.Fab)
      (effects (font (size 1 1) (thickness 0.15)) (justify mirror))
    )
    (fp_text user %R (at 0 0 270) (layer B.Fab)
      (effects (font (size 0.5 0.5) (thickness 0.08)) (justify mirror))
    )
    (fp_line (start 1.85 -0.95) (end -1.85 -0.95) (layer B.CrtYd) (width 0.05))
    (fp_line (start 1.85 0.95) (end 1.85 -0.95) (layer B.CrtYd) (width 0.05))
    (fp_line (start -1.85 0.95) (end 1.85 0.95) (layer B.CrtYd) (width 0.05))
    (fp_line (start -1.85 -0.95) (end -1.85 0.95) (layer B.CrtYd) (width 0.05))
    (fp_line (start -0.261252 -0.71) (end 0.261252 -0.71) (layer B.SilkS) (width 0.12))
    (fp_line (start -0.261252 0.71) (end 0.261252 0.71) (layer B.SilkS) (width 0.12))
    (fp_line (start 1 -0.6) (end -1 -0.6) (layer B.Fab) (width 0.1))
    (fp_line (start 1 0.6) (end 1 -0.6) (layer B.Fab) (width 0.1))
    (fp_line (start -1 0.6) (end 1 0.6) (layer B.Fab) (width 0.1))
    (fp_line (start -1 -0.6) (end -1 0.6) (layer B.Fab) (width 0.1))
    (pad 2 smd roundrect (at 1.025 0 270) (size 1.15 1.4) (layers B.Cu B.Paste B.Mask) (roundrect_rratio 0.217391)
      (net 1 GND))
    (pad 1 smd roundrect (at -1.025 0 270) (size 1.15 1.4) (layers B.Cu B.Paste B.Mask) (roundrect_rratio 0.217391)
      (net 5 "Net-(C8-Pad1)"))
    (model ${KISYS3DMOD}/Capacitor_SMD.3dshapes/C_0805_2012Metric.wrl
      (at (xyz 0 0 0))
      (scale (xyz 1 1 1))
      (rotate (xyz 0 0 0))
    )
  )

  (module keyboard_parts:D_SOD123_axial (layer B.Cu) (tedit 561B6A12) (tstamp 5C9A268F)
    (at 76.2 57.15 90)
    (path /5C8309B3/5C8338C0)
    (attr smd)
    (fp_text reference D_A1 (at 0 -1.925 90) (layer B.SilkS)
      (effects (font (size 0.8 0.8) (thickness 0.15)) (justify mirror))
    )
    (fp_text value D (at 0 1.925 90) (layer B.SilkS) hide
      (effects (font (size 0.8 0.8) (thickness 0.15)) (justify mirror))
    )
    (fp_line (start 2.8 -1.2) (end -3 -1.2) (layer B.SilkS) (width 0.2))
    (fp_line (start 2.8 1.2) (end 2.8 -1.2) (layer B.SilkS) (width 0.2))
    (fp_line (start -3 1.2) (end 2.8 1.2) (layer B.SilkS) (width 0.2))
    (fp_line (start -2.925 1.2) (end -2.925 -1.2) (layer B.SilkS) (width 0.2))
    (fp_line (start -2.8 1.2) (end -2.8 -1.2) (layer B.SilkS) (width 0.2))
    (fp_line (start -3.025 -1.2) (end -3.025 1.2) (layer B.SilkS) (width 0.2))
    (fp_line (start -2.625 1.2) (end -2.625 -1.2) (layer B.SilkS) (width 0.2))
    (fp_line (start -2.45 1.2) (end -2.45 -1.2) (layer B.SilkS) (width 0.2))
    (fp_line (start -2.275 1.2) (end -2.275 -1.2) (layer B.SilkS) (width 0.2))
    (pad 2 smd rect (at 2.7 0 90) (size 2.5 0.5) (layers B.Cu)
      (net 6 "Net-(D_A1-Pad2)") (solder_mask_margin -999))
    (pad 1 smd rect (at -2.7 0 90) (size 2.5 0.5) (layers B.Cu)
      (net 7 /Matrix/row1) (solder_mask_margin -999))
    (pad 2 thru_hole circle (at 3.9 0 90) (size 1.6 1.6) (drill 0.7) (layers *.Cu *.Mask B.SilkS)
      (net 6 "Net-(D_A1-Pad2)"))
    (pad 1 thru_hole rect (at -3.9 0 90) (size 1.6 1.6) (drill 0.7) (layers *.Cu *.Mask B.SilkS)
      (net 7 /Matrix/row1))
    (pad 1 smd rect (at -1.575 0 90) (size 1.2 1.2) (layers B.Cu B.Paste B.Mask)
      (net 7 /Matrix/row1))
    (pad 2 smd rect (at 1.575 0 90) (size 1.2 1.2) (layers B.Cu B.Paste B.Mask)
      (net 6 "Net-(D_A1-Pad2)"))
  )

  (module keyboard_parts:D_SOD123_axial (layer B.Cu) (tedit 561B6A12) (tstamp 5C9A26A2)
    (at 200.025 76.2 90)
    (path /5C8309B3/5C835717)
    (attr smd)
    (fp_text reference D_B1 (at 0 -1.925 90) (layer B.SilkS)
      (effects (font (size 0.8 0.8) (thickness 0.15)) (justify mirror))
    )
    (fp_text value D (at 0 1.925 90) (layer B.SilkS) hide
      (effects (font (size 0.8 0.8) (thickness 0.15)) (justify mirror))
    )
    (fp_line (start -2.275 1.2) (end -2.275 -1.2) (layer B.SilkS) (width 0.2))
    (fp_line (start -2.45 1.2) (end -2.45 -1.2) (layer B.SilkS) (width 0.2))
    (fp_line (start -2.625 1.2) (end -2.625 -1.2) (layer B.SilkS) (width 0.2))
    (fp_line (start -3.025 -1.2) (end -3.025 1.2) (layer B.SilkS) (width 0.2))
    (fp_line (start -2.8 1.2) (end -2.8 -1.2) (layer B.SilkS) (width 0.2))
    (fp_line (start -2.925 1.2) (end -2.925 -1.2) (layer B.SilkS) (width 0.2))
    (fp_line (start -3 1.2) (end 2.8 1.2) (layer B.SilkS) (width 0.2))
    (fp_line (start 2.8 1.2) (end 2.8 -1.2) (layer B.SilkS) (width 0.2))
    (fp_line (start 2.8 -1.2) (end -3 -1.2) (layer B.SilkS) (width 0.2))
    (pad 2 smd rect (at 1.575 0 90) (size 1.2 1.2) (layers B.Cu B.Paste B.Mask)
      (net 8 "Net-(D_B1-Pad2)"))
    (pad 1 smd rect (at -1.575 0 90) (size 1.2 1.2) (layers B.Cu B.Paste B.Mask)
      (net 9 /Matrix/row2))
    (pad 1 thru_hole rect (at -3.9 0 90) (size 1.6 1.6) (drill 0.7) (layers *.Cu *.Mask B.SilkS)
      (net 9 /Matrix/row2))
    (pad 2 thru_hole circle (at 3.9 0 90) (size 1.6 1.6) (drill 0.7) (layers *.Cu *.Mask B.SilkS)
      (net 8 "Net-(D_B1-Pad2)"))
    (pad 1 smd rect (at -2.7 0 90) (size 2.5 0.5) (layers B.Cu)
      (net 9 /Matrix/row2) (solder_mask_margin -999))
    (pad 2 smd rect (at 2.7 0 90) (size 2.5 0.5) (layers B.Cu)
      (net 8 "Net-(D_B1-Pad2)") (solder_mask_margin -999))
  )

  (module keyboard_parts:D_SOD123_axial (layer B.Cu) (tedit 561B6A12) (tstamp 5C9A26B5)
    (at 307.18125 38.1 90)
    (path /5C8309B3/5C831A74)
    (attr smd)
    (fp_text reference D_BSPAC1 (at 0 -1.925 180) (layer B.SilkS)
      (effects (font (size 0.8 0.8) (thickness 0.15)) (justify mirror))
    )
    (fp_text value D (at 0 1.925 90) (layer B.SilkS) hide
      (effects (font (size 0.8 0.8) (thickness 0.15)) (justify mirror))
    )
    (fp_line (start -2.275 1.2) (end -2.275 -1.2) (layer B.SilkS) (width 0.2))
    (fp_line (start -2.45 1.2) (end -2.45 -1.2) (layer B.SilkS) (width 0.2))
    (fp_line (start -2.625 1.2) (end -2.625 -1.2) (layer B.SilkS) (width 0.2))
    (fp_line (start -3.025 -1.2) (end -3.025 1.2) (layer B.SilkS) (width 0.2))
    (fp_line (start -2.8 1.2) (end -2.8 -1.2) (layer B.SilkS) (width 0.2))
    (fp_line (start -2.925 1.2) (end -2.925 -1.2) (layer B.SilkS) (width 0.2))
    (fp_line (start -3 1.2) (end 2.8 1.2) (layer B.SilkS) (width 0.2))
    (fp_line (start 2.8 1.2) (end 2.8 -1.2) (layer B.SilkS) (width 0.2))
    (fp_line (start 2.8 -1.2) (end -3 -1.2) (layer B.SilkS) (width 0.2))
    (pad 2 smd rect (at 1.575 0 90) (size 1.2 1.2) (layers B.Cu B.Paste B.Mask)
      (net 10 "Net-(D_BSPAC1-Pad2)"))
    (pad 1 smd rect (at -1.575 0 90) (size 1.2 1.2) (layers B.Cu B.Paste B.Mask)
      (net 11 /Matrix/row0))
    (pad 1 thru_hole rect (at -3.9 0 90) (size 1.6 1.6) (drill 0.7) (layers *.Cu *.Mask B.SilkS)
      (net 11 /Matrix/row0))
    (pad 2 thru_hole circle (at 3.9 0 90) (size 1.6 1.6) (drill 0.7) (layers *.Cu *.Mask B.SilkS)
      (net 10 "Net-(D_BSPAC1-Pad2)"))
    (pad 1 smd rect (at -2.7 0 90) (size 2.5 0.5) (layers B.Cu)
      (net 11 /Matrix/row0) (solder_mask_margin -999))
    (pad 2 smd rect (at 2.7 0 90) (size 2.5 0.5) (layers B.Cu)
      (net 10 "Net-(D_BSPAC1-Pad2)") (solder_mask_margin -999))
  )

  (module keyboard_parts:D_SOD123_axial (layer B.Cu) (tedit 561B6A12) (tstamp 5C9A26C8)
    (at 141.38125 76.2 90)
    (path /5C8309B3/5C8356CC)
    (attr smd)
    (fp_text reference D_C1 (at 0 -1.925 90) (layer B.SilkS)
      (effects (font (size 0.8 0.8) (thickness 0.15)) (justify mirror))
    )
    (fp_text value D (at 0 1.925 90) (layer B.SilkS) hide
      (effects (font (size 0.8 0.8) (thickness 0.15)) (justify mirror))
    )
    (fp_line (start 2.8 -1.2) (end -3 -1.2) (layer B.SilkS) (width 0.2))
    (fp_line (start 2.8 1.2) (end 2.8 -1.2) (layer B.SilkS) (width 0.2))
    (fp_line (start -3 1.2) (end 2.8 1.2) (layer B.SilkS) (width 0.2))
    (fp_line (start -2.925 1.2) (end -2.925 -1.2) (layer B.SilkS) (width 0.2))
    (fp_line (start -2.8 1.2) (end -2.8 -1.2) (layer B.SilkS) (width 0.2))
    (fp_line (start -3.025 -1.2) (end -3.025 1.2) (layer B.SilkS) (width 0.2))
    (fp_line (start -2.625 1.2) (end -2.625 -1.2) (layer B.SilkS) (width 0.2))
    (fp_line (start -2.45 1.2) (end -2.45 -1.2) (layer B.SilkS) (width 0.2))
    (fp_line (start -2.275 1.2) (end -2.275 -1.2) (layer B.SilkS) (width 0.2))
    (pad 2 smd rect (at 2.7 0 90) (size 2.5 0.5) (layers B.Cu)
      (net 12 "Net-(D_C1-Pad2)") (solder_mask_margin -999))
    (pad 1 smd rect (at -2.7 0 90) (size 2.5 0.5) (layers B.Cu)
      (net 9 /Matrix/row2) (solder_mask_margin -999))
    (pad 2 thru_hole circle (at 3.9 0 90) (size 1.6 1.6) (drill 0.7) (layers *.Cu *.Mask B.SilkS)
      (net 12 "Net-(D_C1-Pad2)"))
    (pad 1 thru_hole rect (at -3.9 0 90) (size 1.6 1.6) (drill 0.7) (layers *.Cu *.Mask B.SilkS)
      (net 9 /Matrix/row2))
    (pad 1 smd rect (at -1.575 0 90) (size 1.2 1.2) (layers B.Cu B.Paste B.Mask)
      (net 9 /Matrix/row2))
    (pad 2 smd rect (at 1.575 0 90) (size 1.2 1.2) (layers B.Cu B.Paste B.Mask)
      (net 12 "Net-(D_C1-Pad2)"))
  )

  (module keyboard_parts:D_SOD123_axial (layer B.Cu) (tedit 561B6A12) (tstamp 5C9A26DB)
    (at 280.9875 38.1 90)
    (path /5C8309B3/5C831A2D)
    (attr smd)
    (fp_text reference D_CBRAC1 (at 0 -1.925 90) (layer B.SilkS)
      (effects (font (size 0.8 0.8) (thickness 0.15)) (justify mirror))
    )
    (fp_text value D (at 0 1.925 90) (layer B.SilkS) hide
      (effects (font (size 0.8 0.8) (thickness 0.15)) (justify mirror))
    )
    (fp_line (start -2.275 1.2) (end -2.275 -1.2) (layer B.SilkS) (width 0.2))
    (fp_line (start -2.45 1.2) (end -2.45 -1.2) (layer B.SilkS) (width 0.2))
    (fp_line (start -2.625 1.2) (end -2.625 -1.2) (layer B.SilkS) (width 0.2))
    (fp_line (start -3.025 -1.2) (end -3.025 1.2) (layer B.SilkS) (width 0.2))
    (fp_line (start -2.8 1.2) (end -2.8 -1.2) (layer B.SilkS) (width 0.2))
    (fp_line (start -2.925 1.2) (end -2.925 -1.2) (layer B.SilkS) (width 0.2))
    (fp_line (start -3 1.2) (end 2.8 1.2) (layer B.SilkS) (width 0.2))
    (fp_line (start 2.8 1.2) (end 2.8 -1.2) (layer B.SilkS) (width 0.2))
    (fp_line (start 2.8 -1.2) (end -3 -1.2) (layer B.SilkS) (width 0.2))
    (pad 2 smd rect (at 1.575 0 90) (size 1.2 1.2) (layers B.Cu B.Paste B.Mask)
      (net 13 "Net-(D_CBRAC1-Pad2)"))
    (pad 1 smd rect (at -1.575 0 90) (size 1.2 1.2) (layers B.Cu B.Paste B.Mask)
      (net 11 /Matrix/row0))
    (pad 1 thru_hole rect (at -3.9 0 90) (size 1.6 1.6) (drill 0.7) (layers *.Cu *.Mask B.SilkS)
      (net 11 /Matrix/row0))
    (pad 2 thru_hole circle (at 3.9 0 90) (size 1.6 1.6) (drill 0.7) (layers *.Cu *.Mask B.SilkS)
      (net 13 "Net-(D_CBRAC1-Pad2)"))
    (pad 1 smd rect (at -2.7 0 90) (size 2.5 0.5) (layers B.Cu)
      (net 11 /Matrix/row0) (solder_mask_margin -999))
    (pad 2 smd rect (at 2.7 0 90) (size 2.5 0.5) (layers B.Cu)
      (net 13 "Net-(D_CBRAC1-Pad2)") (solder_mask_margin -999))
  )

  (module keyboard_parts:D_SOD123_axial (layer B.Cu) (tedit 561B6A12) (tstamp 5C9A26EE)
    (at 257.175 76.2 90)
    (path /5C8309B3/5C83572C)
    (attr smd)
    (fp_text reference D_COMMA1 (at 0 -1.925 90) (layer B.SilkS)
      (effects (font (size 0.8 0.8) (thickness 0.15)) (justify mirror))
    )
    (fp_text value D (at 0 1.925 90) (layer B.SilkS) hide
      (effects (font (size 0.8 0.8) (thickness 0.15)) (justify mirror))
    )
    (fp_line (start 2.8 -1.2) (end -3 -1.2) (layer B.SilkS) (width 0.2))
    (fp_line (start 2.8 1.2) (end 2.8 -1.2) (layer B.SilkS) (width 0.2))
    (fp_line (start -3 1.2) (end 2.8 1.2) (layer B.SilkS) (width 0.2))
    (fp_line (start -2.925 1.2) (end -2.925 -1.2) (layer B.SilkS) (width 0.2))
    (fp_line (start -2.8 1.2) (end -2.8 -1.2) (layer B.SilkS) (width 0.2))
    (fp_line (start -3.025 -1.2) (end -3.025 1.2) (layer B.SilkS) (width 0.2))
    (fp_line (start -2.625 1.2) (end -2.625 -1.2) (layer B.SilkS) (width 0.2))
    (fp_line (start -2.45 1.2) (end -2.45 -1.2) (layer B.SilkS) (width 0.2))
    (fp_line (start -2.275 1.2) (end -2.275 -1.2) (layer B.SilkS) (width 0.2))
    (pad 2 smd rect (at 2.7 0 90) (size 2.5 0.5) (layers B.Cu)
      (net 14 "Net-(D_COMMA1-Pad2)") (solder_mask_margin -999))
    (pad 1 smd rect (at -2.7 0 90) (size 2.5 0.5) (layers B.Cu)
      (net 9 /Matrix/row2) (solder_mask_margin -999))
    (pad 2 thru_hole circle (at 3.9 0 90) (size 1.6 1.6) (drill 0.7) (layers *.Cu *.Mask B.SilkS)
      (net 14 "Net-(D_COMMA1-Pad2)"))
    (pad 1 thru_hole rect (at -3.9 0 90) (size 1.6 1.6) (drill 0.7) (layers *.Cu *.Mask B.SilkS)
      (net 9 /Matrix/row2))
    (pad 1 smd rect (at -1.575 0 90) (size 1.2 1.2) (layers B.Cu B.Paste B.Mask)
      (net 9 /Matrix/row2))
    (pad 2 smd rect (at 1.575 0 90) (size 1.2 1.2) (layers B.Cu B.Paste B.Mask)
      (net 14 "Net-(D_COMMA1-Pad2)"))
  )

  (module keyboard_parts:D_SOD123_axial (layer B.Cu) (tedit 561B6A12) (tstamp 5C9A2701)
    (at 114.3 57.15 90)
    (path /5C8309B3/5C8338D0)
    (attr smd)
    (fp_text reference D_D1 (at 0 -1.925 90) (layer B.SilkS)
      (effects (font (size 0.8 0.8) (thickness 0.15)) (justify mirror))
    )
    (fp_text value D (at 0 1.925 90) (layer B.SilkS) hide
      (effects (font (size 0.8 0.8) (thickness 0.15)) (justify mirror))
    )
    (fp_line (start 2.8 -1.2) (end -3 -1.2) (layer B.SilkS) (width 0.2))
    (fp_line (start 2.8 1.2) (end 2.8 -1.2) (layer B.SilkS) (width 0.2))
    (fp_line (start -3 1.2) (end 2.8 1.2) (layer B.SilkS) (width 0.2))
    (fp_line (start -2.925 1.2) (end -2.925 -1.2) (layer B.SilkS) (width 0.2))
    (fp_line (start -2.8 1.2) (end -2.8 -1.2) (layer B.SilkS) (width 0.2))
    (fp_line (start -3.025 -1.2) (end -3.025 1.2) (layer B.SilkS) (width 0.2))
    (fp_line (start -2.625 1.2) (end -2.625 -1.2) (layer B.SilkS) (width 0.2))
    (fp_line (start -2.45 1.2) (end -2.45 -1.2) (layer B.SilkS) (width 0.2))
    (fp_line (start -2.275 1.2) (end -2.275 -1.2) (layer B.SilkS) (width 0.2))
    (pad 2 smd rect (at 2.7 0 90) (size 2.5 0.5) (layers B.Cu)
      (net 15 "Net-(D_D1-Pad2)") (solder_mask_margin -999))
    (pad 1 smd rect (at -2.7 0 90) (size 2.5 0.5) (layers B.Cu)
      (net 7 /Matrix/row1) (solder_mask_margin -999))
    (pad 2 thru_hole circle (at 3.9 0 90) (size 1.6 1.6) (drill 0.7) (layers *.Cu *.Mask B.SilkS)
      (net 15 "Net-(D_D1-Pad2)"))
    (pad 1 thru_hole rect (at -3.9 0 90) (size 1.6 1.6) (drill 0.7) (layers *.Cu *.Mask B.SilkS)
      (net 7 /Matrix/row1))
    (pad 1 smd rect (at -1.575 0 90) (size 1.2 1.2) (layers B.Cu B.Paste B.Mask)
      (net 7 /Matrix/row1))
    (pad 2 smd rect (at 1.575 0 90) (size 1.2 1.2) (layers B.Cu B.Paste B.Mask)
      (net 15 "Net-(D_D1-Pad2)"))
  )

  (module keyboard_parts:D_SOD123_axial (layer B.Cu) (tedit 561B6A12) (tstamp 5C9A2714)
    (at 266.7 83.34375)
    (path /5C8309B3/5C835733)
    (attr smd)
    (fp_text reference D_DOT1 (at 0 -1.925) (layer B.SilkS)
      (effects (font (size 0.8 0.8) (thickness 0.15)) (justify mirror))
    )
    (fp_text value D (at 0 1.925) (layer B.SilkS) hide
